0.001
0.002
0.003
0.004
0.005
0.01
0.015
0.02
0.025
0.03
0.035
0.04
0.045
5.000E-02
1.000E-01
1.500E-01
2.000E-01
2.500E-01
3.000E-01
3.500E-01
4.500E-01
5.000E-01
6.000E-01
7.000E-01
8.000E-01
9.000E-01
1.000E+00
1.100E+00
1.200E+00
1.300E+00
1.400E+00
1.500E+00
1.600E+00
1.700E+00
1.800E+00
1.900E+00
2.000E+00
2.100E+00
2.200E+00
2.300E+00
2.400E+00
2.500E+00
2.600E+00
2.700E+00
2.800E+00
2.900E+00
3.000E+00
3.100E+00
3.200E+00
3.300E+00
3.400E+00
3.500E+00
3.600E+00
3.700E+00
3.800E+00
3.900E+00
4.000E+00
4.100E+00
4.200E+00
4.300E+00
4.400E+00
4.500E+00
4.600E+00
4.700E+00
4.800E+00
4.900E+00
5.000E+00
5.200E+00
5.400E+00
5.600E+00
5.800E+00
6.000E+00
6.500E+00
7.000E+00
7.500E+00
8.000E+00
8.5
9.000E+00
9.5
1.000E+01
10.5
11
11.5
12
12.5
13
13.5
14
14.5
15
15.5
16
16.5
17
17.5
18
18.5
19
19.5
20
21
22
23
24
25
26
27
28
29
30
31
32
33
34
35
36
37
38
39
40
41
42
43
44
45
46
47
48
49
50
